===========
1 tile
===========

100
000
000
000

===========
2 tiles
===========

100
100
000
000

110
000
000
000

===========
3 tiles
===========

010
110
000
000

110
100
000
000

111
000
000
000

===========
4 tiles
===========

100
110
100
000

010
110
010
000

110
011
000
000

100
110
010
000

111
010
000
000

===========
5 tiles
===========

011
111
000
000

100
110
011
000

===========
6 tiles
===========

110
110
110
000

010
111
101
000

110
110
011
000

===========
7 tiles
===========

111
010
111
000

===========
8 tiles
===========

111
101
111
000